1777 45
1999 64
2222 69
2444 72
2666 76
3111 40
3333 64
3555 68
3777 76
4444 45
4666 64
4888 69
5111 76
7111 45
7333 64
7555 69
7777 72
7999 76
8444 40
8666 64
8888 68
9111 76
9777 45
9999 64
10222 69
10444 76
10666 40
10777 40
10888 40
10999 40
11111 40
11222 40
11333 40
11444 40
11555 40
11666 40
11777 47
11999 50
12222 48
12444 45 57
12555 45
12666 45 64
12777 45
12888 45 69
12999 45
13111 45 72
13222 45
13333 45 76
13444 45
13555 45
13666 45
13777 40 52
13888 40
13999 40 64
14111 40
14222 40 68
14333 40
14444 40 76
14555 40
14666 40
14777 40
14888 40
14999 40
15111 45 57
15222 45
15333 45 64
15444 45
15555 45 69
15666 45
15777 45 76
15888 45
15999 40
16111 40
16222 40
16333 40
16444 40
16555 40
16666 40
16777 40
16888 40
16999 40
17111 47
17333 50
17555 48
17777 45 57
17888 45
17999 45 64
18111 45
18222 45 69
18333 45
18444 45 72
18555 45
18666 45 76
18777 45
18888 45
18999 45
19111 40 52
19222 40
19333 40 64
19444 40
19555 40 68
19666 40
19777 40 76
19888 40
19999 40
20111 40
20222 40
20333 40
20444 45 57
20555 45
20666 45 64
20777 45
20888 45 69
20999 45
21111 47
21333 48
21555 50
21777 48 60
21999 55 67
22222 60 72
22444 48 79
22666 55
22888 60
23111 43 67
23333 50 67
23555 55 71
23777 43 77
23999 50
24222 55
24444 45 57
24666 52 64
24888 57 69
25111 45 76
25333 52
25555 57
25777 40 52
25999 64
26222 76
26444 76
26888 76
30444 47
30666 50
30888 48
31111 45 57
31222 45
31333 45 64
31444 45
31555 45 69
31666 45
31777 45 72
31888 45
31999 45 76
32111 45
32222 45
32333 45
32444 40 52
32555 40
32666 40 64
32777 40
32888 40 68
32999 40
33111 40 76
33222 40
33333 40
33444 40
33555 40
33666 40
33777 45 57
33888 45
33999 45 64
34111 45
34222 45 69
34333 45
34444 45 76
34555 45
34666 40
34777 40
34888 40
34999 40
35111 40
35222 40
35333 40
35444 40
35555 40
35666 40
35777 47
35999 50
36222 48
36444 45 57
36555 45
36666 45 64
36777 45
36888 45 69
36999 45
37111 45 72
37222 45
37333 45 76
37444 45
37555 45
37666 45
37777 40 52
37888 40
37999 40 64
38111 40
38222 40 68
38333 40
38444 40 76
38555 40
38666 40
38777 40
38888 40
38999 40
39111 45 57
39222 45
39333 45 64
39444 45
39555 45 69
39666 45
39777 47
39999 48
40222 50
40444 48 60
40666 55 67
40888 60 72
41111 48 79
41333 55
41555 60
41777 43 67
41999 50 67
42222 55 71
42444 43 77
42666 50
42888 55
43111 45 57
43333 52 64
43555 57 69
43777 45 76
43999 52
44222 57
44444 40 52
44666 64
44888 76
45111 76
45555 76
49111 47
49333 50
49555 48
49777 45 57
49888 45
49999 45 64
50111 45
50222 45 69
50333 45
50444 45 72
50555 45
50666 45 76
50777 45
50888 45
50999 45
51111 40 52
51222 40
51333 40 64
51444 40
51555 40 68
51666 40
51777 40 76
51888 40
51999 40
52111 40
52222 40
52333 40
52444 45 57
52555 45
52666 45 64
52777 45
52888 45 69
52999 45
53111 45 76
53222 45
53333 40
53444 40
53555 40
53666 40
53777 40
53888 40
53999 40
54111 40
54222 40
54333 40
54444 47
54666 50
54888 48
55111 45 57
55222 45
55333 45 64
55444 45
55555 45 69
55666 45
55777 45 72
55888 45
55999 45 76 64
56111 45
56222 45 69
56333 45
56444 40 52
56555 40
56666 40 64
56777 40
56888 40 68
56999 40
57111 40 76
57222 40
57333 40
57444 40
57555 40
57666 40
57777 45 57
57888 45
57999 45 64
58111 45
58222 45 69
58333 45
58444 58 76 70
58666 57 77 72 69
58888 58 76 79 72 70
59111 41 72 53
59222 41
59333 41 65
59444 41
59555 41 69
59666 41
59777 41 65
59888 41
59999 41 77 72
60111 41
60222 41 69
60333 41 76
60444 41 76 65
60555 41
60666 41 70
60777 41
60888 41 74
60999 41
61111 41 70
61222 41
61333 41 74
61444 41
61555 41 70
61666 41
61777 41 65
61888 41
61999 41 79
62111 41
62222 41 77
62333 41
62444 41 76
62555 41
62666 41 74
62777 41
62888 41 72
62999 41
63111 41 70 65
63222 41
63333 41 60
63444 41
63555 41 69
63666 41
63777 41 60
63888 41
63999 41 70 60
64111 41 69
64222 41 67
64333 41 70
64444 41 72 53
64555 41
64666 41 69
64777 41
64888 41 60
64999 41
65111 41 69
65222 41
65333 41 74 60
65444 41
65555 41 75 69
65666 41
65777 40 76 52
65888 40
65999 40 69
66111 40
66222 40 72
66333 40
66444 40 76 69
66555 40
66666 40 77 62
66777 40
66888 40 69
66999 40
67111 43 72 55
67222 43
67333 43 64
67444 43
67555 43 74 55
67666 43 72
67777 43 71
67888 43 72
67999 43 74 55
68111 43
68222 43 65
68333 43 71
68444 72 60 48
68555 79
68666 67
68777 79
68888 69
68999 79
69111 71
69222 79
69333 72
69444 79
69555 74
69666 79
69777 76 60 48
69888 79
70222 65 53
70333 79
70444 77
70555 76
70666 74 59 47
70777 79
70888 77
70999 74
71111 72 60 48
71222 79
71333 67
71444 79
71555 69
71666 79
71777 71
71888 79
71999 72
72111 79
72222 74
72333 79
72444 76 60 48
72555 79
72888 65 53
72999 79
73111 77
73222 76
73333 74 59 47
73444 79
73555 77
73666 74
73777 76 71 56 49
73888 77
73999 76
74111 75
74222 76
74333 71
74444 76
74555 75
74666 76
74777 71
74888 76
74999 75
75111 76
75777 71
75999 76
76222 75
76444 76
79777 47
79999 50
80222 48
80444 45 57
80555 45
80666 45 64
80777 45
80888 45 69
80999 45
81111 45 72
81222 45
81333 45 76
81444 45
81555 45
81666 45
81777 40 52
81888 40
81999 40 64
82111 40
82222 40 68
82333 40
82444 40 76
82555 40
82666 40
82777 40
82888 40
82999 40
83111 45 57
83222 45
83333 45 64
83444 45
83555 45 69
83666 45
83777 45 76
83888 45
83999 40
84111 40
84222 40
84333 40
84444 40
84555 40
84666 40
84777 40
84888 40
84999 40
85111 47
85333 50
85555 48
85777 45 57
85888 45
85999 45 64
86111 45
86222 45 69
86333 45
86444 45 72
86555 45
86666 45 76
86777 45
86888 45
86999 45
87111 40 52
87222 40
87333 40 64
87444 40
87555 40 68
87666 40
87777 40 74
87888 40
87999 40
88111 40
88222 40
88333 40
88444 45 57
88555 45
88666 45 64
88777 45
88888 45 69
88999 45
89111 47
89333 48
89555 50
89777 48 60
89999 55 67
90222 60 72
90444 48 79
90666 55
90888 60
91111 43 67
91333 50 67
91555 55 71
91777 43 77
91999 50
92222 55
92444 45 57
92666 52 64
92888 57 69
93111 45 76
93333 52
93555 57
93777 40 52
93999 64
94222 76
94444 76
94888 76
98444 47
98666 50
98888 48
99111 45 57
99222 45
99333 45 64
99444 45
99555 45 69
99666 45
99777 45 72
99888 45
99999 45 76
100111 45
100222 45
100333 45
100444 40 52
100555 40
100666 40 64
100777 40
100888 40 68
100999 40
101111 40 76
101222 40
101333 40
101444 40
101555 40
101666 40
101777 45 57
101888 45
101999 45 64
102111 45
102222 45 69
102333 45
102444 45 76
102555 45
102666 40
102777 40
102888 40
102999 40
103111 40
103222 40
103333 40
103444 40
103555 40
103666 40
103777 47
103999 50
104222 48
104444 45 57
104555 45
104666 45 64
104777 45
104888 45 69
104999 45
105111 45 72
105222 45
105333 45 76
105444 45
105555 45
105666 45
105777 40 52
105888 40
105999 40 64
106111 40
106222 40 68
106333 40
106444 40 74
106555 40
106666 40
106777 40
106888 40
106999 40
107111 45 57
107222 45
107333 45 57
107444 45
107555 45 57
107666 45
107777 45 57
107888 45
107999 45 57
108111 45
108222 45 57
108333 45
108444 45 79 76 70 57
108555 45
108666 45 57
108777 45
108888 45 57
108999 45
109111 45 57
109222 45
109333 45 57
109444 45
109555 45 57
109666 45
109777 45 77 57
109888 45
109999 45 57
110111 45
110222 45 57
110333 45
110444 45 57
110555 45
110666 45 57
110777 45
110888 45 57
110999 45
111111 45 57
111222 45
111333 45 57
111444 45
111555 45 57
111666 45
111777 45 57
111888 45
111999 45 57
112110 45
112222 45 57
112333 45
112444 45 57
112555 45
112666 45 57
112777 45
112888 45 57
112999 45
113110 45 57
113222 45
113333 45 57
113444 45
113555 45 57
113666 45
113777 45 77 62 57
113888 45
113999 45 62 57
114110 45
114222 45 62 57
114333 45
114444 45 62 57
114555 45
114666 45 76 62 57
114777 45
114888 45 74 62 57
114999 45
115110 45 78 72 69 63 57
115222 45
115333 45 63 57
115444 45
115555 45 63 57
115666 45
115777 45 63 57
115888 45
115999 45 78 72 63 57
116110 45
116222 45 63 57
116333 45
116444 40 72 57 52
116555 40
116666 40 57 52
116777 40
116888 40 76 57 52
116999 40
117110 40 57 52
117222 40
117333 40 74 57 52
117444 40
117555 40 57 52
117666 40
117777 45 72 57
117888 45
117999 45 57
118110 45
118222 45 57
118333 45
118444 45 57
118555 45
118666 45 57
118777 45
118888 45 57
118999 45
119110 45 73 67 64 57
119222 45
119333 45 57
119444 45
119555 45 57
119666 45
119777 45 57
119888 45
119999 45 57
120110 45
120222 45 57
120333 45
120444 45 74 69 65 57
120555 45
120666 45 57
120777 45
120888 45 57
120999 45
121110 45 57
121222 45
121333 45 76 73 57
121444 45
121555 45 77 74 57
121666 45
121777 45 77 74 57
121888 45
121999 45 57
122110 45
122222 45 57
122333 45
122444 45 57
122555 45
122666 45 77 74 57
122777 45
122888 45 57
122999 45
123110 46 77 74 58
123222 46
123333 46 58
123444 46
123555 46 58
123666 46
123777 46 58
123888 46
123999 46 58
124110 46
124222 46 58
124333 46
124444 46 75 67 58
124555 46
124666 46 58
124777 46
124888 46 58
124999 46
125110 46 58
125222 46
125333 46 74 65 58
125444 46
125555 46 72 63 58
125666 46
125777 46 70 62 58
125888 46
125999 46 58
126110 46
126222 46 58
126333 46
126444 46 58
126555 46
126666 46 69 62 58
126777 46
126888 46 58
126999 46
127110 47 68 62 59
127222 47
127333 47 59
127444 47
127555 47 59
127666 47
127777 47 59
127888 47
127999 47 68 62 59
128110 47
128222 47 59
128333 47
128444 45 73 69 64 60 57
129777 40 71 68 62 59 52
131110 45 69 57
131259 60
131407 64
131555 69
131703 72
131851 76
131999 45 74 57
132148 72
132296 71
132444 45 69 57
132592 72
132740 76
133333 45 57
133777 45 57
134666 45
135110 45
135999 45
136444 45
137333 45 79
137481 78
137629 77
137777 40
137888 40
137999 40
138110 40
138222 40
138333 40
138444 47
138666 50
138888 48
144444 45 57
144555 45
144666 45 64
144777 45
144888 45 69
144999 45
145110 45 72
145222 45
145333 45 76
145444 45
145555 45
145666 45
145777 40 52
145888 40
145999 40 64
146110 40
146222 40 68
146333 40
146444 40 76
146555 40
146666 40
146777 40
146888 40
146999 40
147110 45 57
147222 45
147333 45 64
147444 45
147555 45 69
147666 45
147777 45 76
147888 45
147999 40
148110 40
148222 40
148333 40
148444 40
148555 40
148666 40
148777 40
148888 40
148999 40
149110 47
149333 50
149555 48
149777 45 57
149888 45
149999 45 64
150110 45
150222 45 69
150333 45
150444 45 72
150555 45
150666 45 76
150777 45
150888 45
150999 45
151110 40 52
151222 40
151333 40 64
151444 40
151555 40 68
151666 40
151777 40 76
151888 40
151999 40
152110 40
152222 40
152333 40
152444 45 57
152555 45
152666 45 64
152777 45
152888 45 69
152999 45
153110 47
153333 48
153555 50
153777 48 60
153888 48
153999 48 67
154110 48
154222 48 72
154333 48
154444 48 79
154555 48
154666 48
154777 48
154888 48
154999 48
155110 43 67
155222 43
155333 43 67
155444 43
155555 43 71
155666 43
155777 43 77
155888 43
155999 43
156110 43
156222 43
156333 43
156444 45 57
156555 45
156666 45 64
156777 45
156888 45 69
156999 45
157110 45 76
157222 45
157333 45
157444 45
157555 45
157666 45
157777 40 52
157888 40
157999 40 64
158110 40
158222 40 76
158333 40
158444 40 76
158555 40
158666 40
158777 40
158888 40 76
158999 40
159110 40
159222 40
159333 40
159444 40
159555 40
159666 40
159777 40
159888 40
159999 40
160110 40
160222 40
160333 40
160444 40
160555 40
160666 40
160777 40
160888 40
160999 40
161110 40
161222 40
161333 40
161444 40
161555 40
161666 40
161777 40
161888 40
161999 40
162110 40
162222 40
162333 40
162444 47
162666 50
162888 48
163110 45 57
163222 45
163333 45 64
163444 45
163555 45 69
163666 45
163777 45 72
163888 45
163999 45 76
164110 45
164222 45
164333 45
164444 40 52
164555 40
164666 40 64
164777 40
164888 40 68
164999 40
165110 40 76
165222 40
165333 40
165444 40
165555 40
165666 40
165777 45 57
165888 45
165999 45 64
166110 45
166222 45 69
166333 45
166444 45 76
166555 45
166666 40
166777 40
166888 40
166999 40
167110 40
167222 40
167333 40
167444 40
167555 40
167666 40
167777 47
167999 50
168222 48
168444 45 57
168555 45
168666 45 64
168777 45
168888 45 69
168999 45
169110 45 72
169222 45
169333 45 76
169444 45
169555 45
169666 45
169777 40 52
169888 40
169999 40 64
170110 40
170222 40 68
170333 40
170444 40 74
170555 40
170666 40
170777 40
170888 40
170999 40
171110 45 60 72 57
